# Created by Octave 4.2.1, Sat Jun 03 17:31:59 2017 CST <pl@pl>
# name: rand1000
# type: matrix
# rows: 1000
# columns: 1
 0.5300082737804308
 0.182563619923664
 0.5960440282523344
 0.9816760580133244
 0.4723800462960419
 0.7892802249486027
 0.7059407089042968
 0.644754918840728
 0.5914015235405011
 0.1270430930335993
 0.1236778812626584
 0.06074760575711462
 0.6721704940430571
 0.8304652054586918
 0.745150671549175
 0.5366979894971614
 0.7477011917081376
 0.1774505299678883
 0.1646046862536854
 0.7817280534049397
 0.4759382370015142
 0.5865957676191853
 0.9430674853229857
 0.6558857335983151
 0.03521934056493319
 0.6728504060051246
 0.6284383626096988
 0.5173123054843847
 0.8589403683578367
 0.4110692216338751
 0.1204347415127921
 0.9510048547110915
 0.9783549283920139
 0.6422223800983343
 0.6616625207528453
 0.365958696216169
 0.6313161730643099
 0.8712730007893303
 0.4998167369474635
 0.03118672662133464
 0.280300804759387
 0.01505339411666777
 0.8175902238892052
 0.9953508851764129
 0.617053025066822
 0.8152736408871964
 0.8572408048167078
 0.05309858180511189
 0.08523941302517939
 0.9945830456873238
 0.6211107419191745
 0.2727103131204858
 0.03340155331328891
 0.3356908017219465
 0.4077733758362382
 0.3495752375100233
 0.9650809827474373
 0.5783349656416672
 0.006851290494304596
 0.1479481559537157
 0.5252741859873469
 0.6880638353447595
 0.06174441768744281
 0.7712309496631016
 0.1352904908370451
 0.06501367430717868
 0.8846332000602029
 0.3352915032928814
 0.02720320653793722
 0.4162489254506547
 0.8578042481293758
 0.1167067898241999
 0.7701995958855155
 0.311854370698497
 0.5944350761746663
 0.8898796109939187
 0.3405662296537127
 0.6207574964722793
 0.267411671549361
 0.9390355328381351
 0.5101499145489937
 0.04661446713967603
 0.490173190102373
 0.5902222282787309
 0.0435952391447522
 0.2488662688579311
 0.2590453702818243
 0.1288880722819692
 0.7154787795892995
 0.3655145086938689
 0.7986085930130008
 0.6928545931821477
 0.9155181039617374
 0.5083057624608524
 0.8496584556215298
 0.962297362047226
 0.8857357737539394
 0.8974987445194007
 0.4729673207335098
 0.5581570281281909
 0.04993907040008254
 0.2386648688201089
 0.2787622986508547
 0.01794156846627153
 0.04125063844182091
 0.26373320062582
 0.5176208396842782
 0.2285718619702068
 0.3394424742277962
 0.5876683337159035
 0.3013423424840946
 0.5997609238824038
 0.1242702606513975
 0.5235203894988494
 0.3369959508113737
 0.8776533375149679
 0.7499666145550686
 0.5538111302218568
 0.7831543783624284
 0.0232808393144051
 0.05799644953314291
 0.9114990109448924
 0.5347918665104749
 0.4253619641120116
 0.0658359690613403
 0.1168308326152045
 0.6890760725027989
 0.2034602185309068
 0.1305527779088326
 0.742144880329821
 0.3374843524848221
 0.5959061995999654
 0.5322738579838655
 0.2008999931818419
 0.4183791006728504
 0.4294731714432703
 0.2775595885048707
 0.1357476061206987
 0.1766205850504984
 0.4230957197952884
 0.3295588369676571
 0.7220641665912187
 0.3944511183628072
 0.1188389911442678
 0.1937378305343386
 0.4642179271091229
 0.326401228817113
 0.7755947222090871
 0.7871012985231824
 0.3410111510761515
 0.79107907455986
 0.1440875666909785
 0.1345871160829884
 0.09186804037303901
 0.6561861219561403
 0.7032371792045057
 0.8482272942876065
 0.837028573402833
 0.5369137033817935
 0.782155487006043
 0.7945150461486237
 0.6939268161547684
 0.8121777108635142
 0.8323327596435964
 0.560970603578262
 0.6414345887520548
 0.5030211991808254
 0.8203565139053614
 0.8370451831240365
 0.9618719892678612
 0.06809190116857126
 0.3567879897925744
 0.3446308383459267
 0.7242832474461079
 0.6850117374336799
 0.36086894720366
 0.6223035549970434
 0.3006777961297444
 0.1619483189257923
 0.7791953145047429
 0.9600142404578278
 0.889458632469331
 0.02597523774085502
 0.564085576493313
 0.6297704309877968
 0.1979052483519001
 0.5610714551327375
 0.921742005972202
 0.04470482975862582
 0.1505118956160609
 0.6634054530428449
 0.05885972647411335
 0.7878773429051167
 0.7280590340004595
 0.4579299030453879
 0.1854896707942812
 0.4869803105931602
 0.1128697994286519
 0.2510871182764197
 0.4885512514173572
 0.3220220871018462
 0.431623417675738
 0.688209911647613
 0.5108056555070132
 0.6175448652275444
 0.8262848276142521
 0.4470268471797561
 0.4527503560628552
 0.697369098365066
 0.5992266537822135
 0.2401543297996258
 0.4855924316098766
 0.9488356205333476
 0.3969073608813583
 0.9945259164818854
 0.3070061518121308
 0.2446975126056657
 0.760158865132266
 0.3264880887723164
 0.1478321539340772
 0.7792870103901304
 0.2441183874497907
 0.4708148950844114
 0.6313759635367682
 0.1801639991655188
 0.5330641050185783
 0.4684387105677665
 0.2925178373638619
 0.3720929661514289
 0.7611472657649353
 0.7993164171415417
 0.7766342590383813
 0.9431436789810556
 0.8431890827547771
 0.4771084682341396
 0.9284129767443384
 0.02483995269585619
 0.02499064267843558
 0.7711302418825375
 0.2311781117817663
 0.5325917177474111
 0.2629646249646494
 0.9075247253748265
 0.006760690865289009
 0.9322215595756908
 0.203425120614172
 0.5515758597932254
 0.8662852387124049
 0.3055538542463764
 0.3912344778117647
 0.2900223638106251
 0.8980566622758458
 0.368161533279931
 0.807548410116276
 0.589251016734555
 0.5840309951587173
 0.3390168588814571
 0.3707438038110374
 0.4114349756256047
 0.2329492281451176
 0.09269926046868752
 0.4704939646196803
 0.01656637891418338
 0.3023490301469881
 0.5658403671892059
 0.8368507175334711
 0.2065753946479614
 0.4670878465022172
 0.1294489654249427
 0.4654398956726327
 0.4014831864669249
 0.9689351773397048
 0.7391675671378024
 0.2358712187801307
 0.9365168597236293
 0.1507263585217207
 0.2613033929562823
 0.3771072684033173
 0.02412610050631041
 0.4124080427983011
 0.06865964212814772
 0.4254025242063738
 0.8857306915489008
 0.8605400776221781
 0.3209435355480997
 0.7456881525709542
 0.3673236886462541
 0.1024564326114114
 0.4715788782872334
 0.6077450284803563
 0.04050482506682211
 0.7147659092057291
 0.9897173296825654
 0.8517574841881304
 0.5204123350322496
 0.004854334108620395
 0.7121219454337394
 0.8763409650098993
 0.801131926107171
 0.3675210284617844
 0.5784211879328122
 0.3024816489880949
 0.5268328805341231
 0.9325377356922537
 0.8207451550096276
 0.3392090339199633
 0.1574785555889345
 0.4594711329925149
 0.831330230610575
 0.01731352212251762
 0.3176293086405778
 0.2152573102593303
 0.4160145999189325
 0.4801723764369887
 0.002859052224856207
 0.2785985152482365
 0.04124080737110995
 0.8124336427672455
 0.259769869954815
 0.3095047753873429
 0.7202692093214706
 0.596442530087775
 0.09300963842194347
 0.1444595239883613
 0.443067167501661
 0.9543974377826189
 0.9943593221807805
 0.2034902411989627
 0.7046612501756406
 0.3471117171851999
 0.9215179126995889
 0.06482583380013944
 0.1812378772749754
 0.2457890219610314
 0.7245439687919524
 0.636530585129597
 0.9308378783436728
 0.7627387423993319
 0.8746313228609566
 0.5011942695792427
 0.9504724590040293
 0.02815043786827503
 0.8327876422691053
 0.2424526632460026
 0.3004412497246103
 0.4999963052450749
 0.9672536667356885
 0.8499304972638576
 0.8120549309450772
 0.900760094422006
 0.03601383014148167
 0.7599545679070273
 0.4142280794990287
 0.5961986877555814
 0.1091548770760368
 0.1770552854593715
 0.5776472517239194
 0.2760890594255499
 0.05557786316638084
 0.4278840435459161
 0.9921509823021919
 0.2320444392104937
 0.7526352492909723
 0.2931015870920859
 0.9483755938547368
 0.232700445441744
 0.2495909408432657
 0.1226508218997359
 0.6745326763870549
 0.2332357074578832
 0.9659767771482159
 0.1051152490429658
 0.2181823386343619
 0.9257956684779045
 0.3052084578819486
 0.96941172624564
 0.4897437745759251
 0.4201884358806618
 0.8458451420482596
 0.9285530074422248
 0.853623892927579
 0.03460664859646494
 0.2515439575874096
 0.8614893300131997
 0.860769448953019
 0.06216676397754732
 0.08599452831327285
 0.8354033477023828
 0.6760526185109252
 0.6425222402405666
 0.4885677244149244
 0.08014218125387855
 0.7570833572336885
 0.8533906366512357
 0.5615364348937506
 0.4551352380944337
 0.03346777386612458
 0.7526927524483943
 0.08488053042544035
 0.4645177792581638
 0.6051450599865611
 0.2093427146029598
 0.1966111683971075
 0.05177580781819739
 0.6208368152351229
 0.0190565161120752
 0.4343086398716596
 0.8245748661350428
 0.8084847857920083
 0.1520379799884903
 0.7986654195421639
 0.09262676159061982
 0.8135130674714879
 0.787561292337043
 0.2768973059120918
 0.727537021594917
 0.925652770084774
 0.8076002596230024
 0.3129168094706041
 0.6377544392916301
 0.2769918785121741
 0.7526455688671713
 0.08848016731422352
 0.7423164947574407
 0.9271056875541133
 0.8409311699304297
 0.8869164338676834
 0.5475569559909753
 0.6761384245887838
 0.9992971822434444
 0.6971415315784618
 0.5137666122054089
 0.5951949416868373
 0.916737479753982
 0.5918582627863267
 0.6963741814134858
 0.9265965737792674
 0.5774000817347822
 0.595018200020852
 0.7191085169639864
 0.5046633775351552
 0.3469082110623229
 0.1496139201295276
 0.1247887171711444
 0.1793045317752436
 0.5355112743285402
 0.2086576087576357
 0.2746800318802426
 0.5790070107786391
 0.7648400079454994
 0.6989589038823523
 0.5473081609467396
 0.3069600146897993
 0.597259875735663
 0.4505200183526537
 0.7184678205248181
 0.35929078015015
 0.08558662610167826
 0.2693897355651221
 0.09531793615238819
 0.2352405240894077
 0.4101070730085997
 0.6741522653541046
 0.8056338515928556
 0.6322305687699569
 0.8247337622501937
 0.494846345876826
 0.5256953276481309
 0.2402055899707001
 0.3705155296513133
 0.4011323715395772
 0.2500033476983659
 0.3605624474008061
 0.486550442697602
 0.2552626593409223
 0.6026242693005571
 0.2687521922401098
 0.262660212060381
 0.9325992996601568
 0.6925967314891206
 0.2598995524421265
 0.6940436582639318
 0.1746903370583492
 0.2360964300440153
 0.6099089546548162
 0.2921982436988146
 0.3521636623781078
 0.8803964597600197
 0.152984752707376
 0.6231122384216395
 0.6057529115238751
 0.8242795524026311
 0.6526795531318849
 0.3015564212806123
 0.5668970442771664
 0.6510653480339073
 0.4089697480820894
 0.8142642142735167
 0.0350515934003011
 0.602485478785571
 0.06655089580347999
 0.884072604476664
 0.6718772280327887
 0.1100128105482608
 0.725834798409064
 0.722396428966701
 0.5333065168294311
 0.5771591095130275
 0.5108096855022056
 0.0709808426423431
 0.7838256145599549
 0.9795373322823189
 0.7776951983198396
 0.201629677882422
 0.4736084757166444
 0.880807047174669
 0.8570630975006024
 0.2632210846670216
 0.9164435175497979
 0.9873147232870034
 0.4170402004487374
 0.4166577523712164
 0.7980908386284904
 0.3939429623237539
 0.1712758007633823
 0.7753978630839153
 0.8178940308624981
 0.4610880172269384
 0.1411565784916021
 0.7149970347715404
 0.2785284980972184
 0.7284818548314795
 0.6629322470913392
 0.2447989784017157
 0.6816896731591364
 0.3888224155613673
 0.391172973896391
 0.2448709278385432
 0.01897647749801417
 0.38899688997093
 0.4991771403732541
 0.9370977385926867
 0.9195778008945007
 0.8660718841458293
 0.907158059410644
 0.7906552767721866
 0.3969078046540616
 0.4544504546065444
 0.252237014964033
 0.5202066135045346
 0.146336841119231
 0.7324279093954863
 0.3345560324636999
 0.3402070116103866
 0.9813411601265927
 0.2460299779096825
 0.2364318627402412
 0.2094589984396633
 0.001556546096970246
 0.5530889196634295
 0.4858018040442445
 0.4985403714623606
 0.08558016319322607
 0.7685781416239464
 0.1423744395909509
 0.8358678420011708
 0.03059463800241262
 0.8471601081229722
 0.05267329415933057
 0.8587398084846324
 0.7398233551971153
 0.2099004795128179
 0.8130333127470718
 0.8371157488849527
 0.1797862694445575
 0.7511564278988148
 0.392758134073341
 0.9236198235939523
 0.6063739742515163
 0.5747749243748909
 0.5944412074268851
 0.3301422124355435
 0.3375922441884745
 0.8627284478451109
 0.502239498226426
 0.4538220180075054
 0.8641622751844225
 0.6198639709455007
 0.9470406876508409
 0.8409212764480769
 0.8764311195019009
 0.9018666831584254
 0.3207319619510637
 0.4673907364692457
 0.7060454258095974
 0.3492621415722088
 0.4625404089430982
 0.2399249710444957
 0.3173818188208465
 0.6352385773382396
 0.8328043854330088
 0.4543593369550474
 0.801548086482477
 0.7476185096282109
 0.5611914107318972
 0.7772100161157295
 0.3801137596285777
 0.711377091057921
 0.9192505637064756
 0.4393617259949827
 0.2948926847923798
 0.4359864997013874
 0.8839573386123641
 0.2776712746702009
 0.1389741532865235
 0.8931204404221971
 0.5831034755001372
 0.8010971809488062
 0.3762978354362312
 0.3869137894444724
 0.3133041189784625
 0.5092265460804303
 0.1958496903547559
 0.3784245660125611
 0.0395470582112905
 0.2099293864127611
 0.5310745526681047
 0.2003948447382383
 0.6143240946463616
 0.16732776262732
 0.7115587676157729
 0.117284661851179
 0.9016488158600687
 0.9260013833326158
 0.2523953500778072
 0.8348511006691138
 0.3307254126639461
 0.9815271542229909
 0.2243572629335751
 0.8147077543727993
 0.3856723741969199
 0.2955561072608355
 0.3336019570864016
 0.1415503800636426
 0.9401724006318358
 0.225428158403032
 0.8881386895171224
 0.8959972554400515
 0.2442417478914962
 0.975613184818773
 0.822078720518016
 0.5230249965434309
 0.5454330441471219
 0.06321996783613108
 0.7929675936447279
 0.3255320173717043
 0.3443749222020354
 0.04327781916940558
 0.6825018866176805
 0.4431714913674361
 0.6410330022414052
 0.4598242845646698
 0.6460136203964985
 0.9019860576169688
 0.3309696697497995
 0.1751990321260503
 0.1852837765129416
 0.5436025050503747
 0.2988861334042787
 0.8271925032115379
 0.5803054969331862
 0.5085695582639362
 0.9997276216149494
 0.2342378560106148
 0.6477451128093962
 0.4068984922944308
 0.8553639471139398
 0.3133304099868674
 0.3060294713921287
 0.3522851914327323
 0.8314431286424492
 0.6971124179586831
 0.2576960615378269
 0.4497891318761987
 0.6652001181282018
 0.0720277835600283
 0.3107651195583676
 0.6941797201585105
 0.9266559745074739
 0.03566906212422964
 0.5113781877472641
 0.07207650947432147
 0.8295793234131941
 0.1380173634641331
 0.6501956863512593
 0.6039814406874975
 0.3684945133211265
 0.8226178821687725
 0.2827933728390999
 0.003709082388002982
 0.9057214068460805
 0.8967363104768997
 0.7613013975330654
 0.3104850352728446
 0.1598783547683434
 0.5407395800329544
 0.7416560472849717
 0.352951913285092
 0.6676238138856128
 0.7089861835381657
 0.5667957015050389
 0.9704861945750914
 0.4757167954413103
 0.3107158936955042
 0.5145545062069518
 0.6723934372254238
 0.08392540727692981
 0.2991514248723968
 0.3319595364271661
 0.2907924150945622
 0.1384897298835994
 0.4971696783741005
 0.6800982335800059
 0.7490117146246313
 0.5714842972597981
 0.6692340752002195
 0.1901607918256144
 0.2785296022268935
 0.9688736247337705
 0.05568509017578231
 0.06948768322219782
 0.7465430156444294
 0.6168245169990505
 0.7746984733548296
 0.8461886587095652
 0.175083397470176
 0.8898541143867146
 0.08534907812162011
 0.8932314125209465
 0.4875876186673996
 0.0209066263299275
 0.06046017554675591
 0.8467711497708649
 0.8991778299881544
 0.9810702544140426
 0.8863384490786781
 0.1339055710897547
 0.2286542183711469
 0.9446718620538825
 0.5530012481727842
 0.2075400068123196
 0.2296464831102367
 0.5647605487510394
 0.672761307590556
 0.4596941957986034
 0.2556090168450001
 0.6789523308291316
 0.6690884469954135
 0.7729487427324822
 0.7105353186860731
 0.6840109545893789
 0.5671147658164203
 0.5096951766564706
 0.5080400922653541
 0.919882599931089
 0.1412135761440532
 0.5197978255511155
 0.02010182171778956
 0.1470209840687494
 0.8948346041030053
 0.3786316423907594
 0.4385980442824527
 0.5982746417244248
 0.2412207045594623
 0.4842097427463328
 0.1431927543746752
 0.8818732873589019
 0.8908471833435614
 0.9851783257071751
 0.7042626949772979
 0.3280659027055119
 0.7794795426908878
 0.535144001255856
 0.7197452754991678
 0.281562897402848
 0.4159841500231095
 0.9963473208021496
 0.4640458366323099
 0.1726424304795439
 0.7018856554946551
 0.7124508527112243
 0.4484913475583557
 0.8011192203208684
 0.1380097840467383
 0.2226198868553466
 0.2184919234866269
 0.09161397783781004
 0.909125623977774
 0.04660009750911891
 0.842016815125464
 0.581573165625676
 0.05363664892202306
 0.402921848542603
 0.2068411661227469
 0.0276649787136986
 0.5486922220247458
 0.9640467150191974
 0.5575548734638825
 0.519500732404173
 0.7061577813428865
 0.4913856087553455
 0.599253763976485
 0.2878040250894933
 0.795570522692476
 0.3876764553655441
 0.5898262467969837
 0.752278122673299
 0.7002292431630257
 0.5029216961653316
 0.7279529858583306
 0.573833811682809
 0.8564779561848681
 0.8828572784174116
 0.01726283848740478
 0.8345670749015354
 0.8006917004598835
 0.5002819269084947
 0.4306871695766688
 0.6779154407811574
 0.1822235109637001
 0.001172539095161063
 0.3243165919797625
 0.5507869073152492
 0.6871554868109248
 0.8180753840852552
 0.3372957007286208
 0.6731879426251886
 0.397358745726581
 0.5554741684176203
 0.04365850887146532
 0.5322667799630826
 0.2030704347875501
 0.3541932283696881
 0.4508322129123225
 0.8003095020391151
 0.7668415278808692
 0.2369946107553303
 0.9783403555483299
 0.7792630744254305
 0.4175263377795821
 0.5610321960415259
 0.9516702137703452
 0.7776907125715322
 0.2935777196213314
 0.8455545978172059
 0.2897995966784656
 0.9231271549340705
 0.05385139523153841
 0.06033126025837147
 0.3071358025659919
 0.2247687440441906
 0.8097559740884109
 0.8671626689969134
 0.5894187505478446
 0.5944277892237361
 0.9848578694520358
 0.8677278196363956
 0.06312897670768629
 0.1717480855231224
 0.06610372533158441
 0.01445531244409231
 0.4690160524317173
 0.1817514509123989
 0.4680184794844556
 0.2767697712521049
 0.7432773058330596
 0.3768460855769085
 0.2024148114392822
 0.3582309274962419
 0.2522882947978811
 0.5593920896994913
 0.8745936269506001
 0.8035897490671208
 0.2940350719988911
 0.3437440157128382
 0.5559388956558505
 0.59447403528577
 0.8290600160264285
 0.2533746014251342
 0.1245663590207689
 0.4667929393441443
 0.01270774942621715
 0.1865935002141931
 0.3857986013001346
 0.3608265888814391
 0.6614682656770986
 0.1027086886162249
 0.7871300181927002
 0.09086173173163452
 0.7427903218665486
 0.7153149637529238
 0.5606809997974975
 0.8636462271246992
 0.632546356130439
 0.8654871360511428
 0.8437660974277655
 0.8998030895211406
 0.02515972660268766
 0.3399630467147127
 0.3421462847549417
 0.1605304710253461
 0.5556488272707762
 0.213718156605809
 0.4835033858223386
 0.4143771488525188
 0.1361678063376644
 0.9672332051895098
 0.4823857884573925
 0.7931849054264752
 0.1233232456593656
 0.7392207984793463
 0.7236481374916106
 0.609210341040653
 0.01191532332456817
 0.5204600131029923
 0.05668067730404296
 0.8194025324685152
 0.1837028557487539
 0.09819740310432272
 0.708287061146294
 0.7684778183058054
 0.3687721415085635
 0.04553570060978211
 0.9979662281158892
 0.07265566817149376
 0.5645028403150349
 0.09362109396558209
 0.5391058044051813
 0.4577209980657042
 0.819585620677009
 0.8481906196519124
 0.2471806529434539
 0.5677609221983696
 0.8602781826264908
 0.7875561452039292
 0.9737239155195623
 0.9948452705454829
 0.1305148859932306
 0.4944548856172753
 0.5866876245020527
 0.424998704588318
 0.7861815010980783
 0.9724501773263227
 0.7331224437397582
 0.2284582825846164
 0.2765776140125017
 0.5236214607495741
 0.0368509838827316
 0.2300895874420515
 0.4487664201032595
 0.04256364627475
 0.03162492624063566
 0.412957207000849
 0.6221836453058545
 0.4036182450695759
 0.2154090674035531
 0.2707767062696818
 0.2113117638747171
 0.2233565537552751
 0.1553528446170212
 0.01603549818304011
 0.2916475730989164
 0.02712620091882405
 0.6048293157492197
 0.8091187332471694
 0.3301289638986207
 0.1308715836824304
 0.1381970883497685
 0.1510370430613302
 0.3991723912633399
 0.2769973367835248
 0.7047025039758286
 0.6051648437258584
 0.2578939492352413
 0.5255689047414448
 0.06439110633699711
 0.07285927314655487
 0.05043086701885617
 0.239472317995376
 0.8884029710959093
 0.0002028270249815778
 0.2306837630149948
 0.04698654084763181
 0.7192064015501237
 0.08947507140891657
 0.493855254071115
 0.8440328123510392
 0.2096150391805019
 0.576543158659821
 0.2396524142676663


